23549857
22886429
22381277
23231358
22684529
23584163
23759892
23400951
23539468
23379483
23238923
22692517
23576032
23769603
23266843
23265387
23624701
23306819
23748926
22835617
22887452
23659242
23537397
23305192
23711082
22640418
23444424
23194929
23587476
22218643
23242939
23787802
23468169
23796294
23587460
23759893
23807538
23414183
23663679
23537589
23497005
23219627
23245711
23149144
23737678
23446330
23517484
23351057
23229798
23777770
23796284
23401128
23451759
23449891
23474691
23496957
23742987
23599318
23731246
23754200
23633030
23732584
22804807
22926459
23763763
23515127
23314652
23494757
23339232
23535984
22922801
23589126
23325279
23408176
22554393
23660849
23434570
23206657
23566075
23791822
23561304
23393057
23630367
23196701
23142443
23224560
22941097
23636073
22252308
23686578
23650130
23523073
22616899
23184040
23703420
22669608
23220343
23761688
23504382
23796291
23663813
23799913
23765331
23507064
23347793
22402240
22678657
23651717
23277307
22844084
23219192
23305689
23400667
23149064
23803059
22926507
23218437
23402232
23411886
22913831
23649892
22913474
23248039
23486845
22057665
23748484
23647446
23447338
23615958
23425338
23435568
23694987
23796729
23294843
23327492
23627733
23325515
23706070
23195850
23515902
23219937
23314623
22390260
23356839
23192232
23559414
22941670
23306666
23461778
23319067
23213082
23143842
23793699
23758490
23635080
22890567
23506164
23607813
23379888
23384339
23524886
23575657
23332528
23261141
23683163
23203845
23466387
23559890
23748905
23279591
23689969
23189940
23659557
23253692
23557482
23725204
23208056
23203506
23717486
23365263
23510200
23481576
22718223
23307671
23709096
23354169
23422730
23231354
23755093
23541975
23793389
22821667
22678351
23666385
22583164
23761101
23404353
23538652
22961263
23640671
23329377
23506803
23316791
23647713
22051437
23426452
23042472
23771494
23001492
22981311
23264550
23246106
23317306
23579211
23070104
23537867
21935715
23097067
23065118
23324808
23576266
23095580
22723152
23086587
22764173
23295630
22715069
23538189
23311458
23122996
23104612
23200694
23093721
23685216
23053316
23592491
23392909
23648306
23696160
23307684
22972437
23073533
23523126
23090047
23252667
23389782
23054572
